-----------------------
JT-CoMP NOMA (fmincon)
a_ib:
0.091782 | 0.091782 
0.000000 | 0.091782 
0.091782 | 0.091782 
c_ib:
0.442389 | 0.442389 
0.000000 | 0.442389 
0.442389 | 0.442389 
c1_b:
0.000000
1.000000
-----------------------
iter     lambda (EE)    Data rate tot  P_11           P_21           P_31           P_12           P_22           P_32           fmincon_optval calc_obj       optval_gap       difference in percent
0        0.0000         334693412.6701 8.68018293     11.27243919    0.00000103     5.69864349     7.76617526     6.48780439     55631336.4053  55631336.4053  0.0000           0.000000%
1        1394085.7798   245234162.3954 1.52427545     3.07030690     0.00000086     1.40715054     1.68370891     5.21198105     24560062.2142  24560062.2142  0.0000           0.000000%
2        3298346.8772   203315441.2545 0.64446821     2.97958078     0.00000078     0.59486167     1.59872831     5.10693159     2404491.5039   2404491.5039   0.0000           0.000000%
3        3518446.2686   200265321.5177 0.60416292     2.97542449     0.00000080     0.55765335     1.59483561     5.10211953     10159.8838     10159.8838     0.0000           0.000000%
4        3519384.0293   200252754.9637 0.60400117     2.97540781     0.00000079     0.55750523     1.59482011     5.10210036     0.1696         0.1696         0.0000           0.000000%
5        3519384.0450   200252808.9372 0.60400096     2.97540779     0.00000079     0.55750689     1.59482028     5.10210054     -0.0003        -0.0003        0.0000           -0.000000%
6        3519384.0449   200252748.7502 0.60400077     2.97540777     0.00000079     0.55750551     1.59482014     5.10210039     0.0000         0.0000         0.0000           0.000000%
